5817
4898
3013
12463
11508
7572
9912
4869
5519
20197
4818
7609
9462
7479
5440
4194
5550
6897
3819
7353
3092
15632
6397
4370
2334
16953
6337
4538
10880
12594
3561
15818
14795
4342
5032
5749
5001
3336
2976
6993
1793
2298
7016
11014
4322
2368
4058
5294
20350
12414
5823
5280
8691
8201
12485
4171
15029
9575
1785
24795
4348
8366
7845
14417
6399
2251
3514
22965
9510
7588
2856
3496
2889
5601
13705
5004
12718
8524
6149
2129
10405
56909
15795
26749
16447
7529
2300
15086
6087
3968
7644
3518
8908
6251
5062
14259
12568
5318
3002
13360
8571
11660
5538
5028
3260
6211
15319
3163
9429
2719
6453
6652
1783
3415
5365
24340
11157
4680
11609
15742
7019
5910
8729
12947
10440
10289
3161
9513
5044
2522
4864
6328
19216
7883
13640
9349
10501
11336
7135
9170
4793
7130
11789
4626
3780
1784
3101
32612
7479
5561
2911
2957
2205
3340
3087
6771
8481
5261
4880
9057
8046
9315
5197
4551
2291
4804
4088
5421
4116
3804
16505
17243
6965
10578
7245
5821
5694
4513
3617
10358
8347
3841
8543
8052
6923
9180
8482
9009
5584
7111
2496
7040
10205
3634
21329
4434
16069
10142
25006
44297
3548
4984
117860
6547
13625
4902
2852
3256
12638
8271
5875
5440
11537
3447
3797
8497
2116
9582
9849
8992
6014
4394
18913
30668
9884
13530
6488
9068
15444
60759
121404
8671
6832
7769
7258
22149
7681
9512
2293
4372
6348
9252
10555
7856
8116
8003
11774
18111
21622
10363
3015
28806
3628
53721
8053
7713
6260
17572
6346
6057
4149
4678
4321
16392
21123
5982
4606
9828
5675
5305
9592
9418
6763
23445
2617
3737
10643
5701
5697
27064
3978
6447
8497
8493
3219
10450
2083
5951
8140
2694
11840
12427
12427
13877
17063
26612
6479
8401
6019
5141
30742
6425
7395
24938
7936
7705
7822
3582
8140
3162
3709
3690
5249
48975
6918
12321
25085
5815
6419
4752
7906
15785
7282
6830
3469
5012
6122
3294
4373
9515
7728
4326
3666
3151
8660
5257
4830
15958
3533
3638
3033
6902
6536
6573
7129
4880
5619
4746
3506
6338
4001
6304
11139
2771
3961
4953
6819
7209
23868
6288
9986
8347
6469
6205
17183
12965
13914
31433
25492
4379
7326
6085
6667
5915
4590
4796
5776
5574
5155
4336
3013
3684
7148
110345
7192
7597
2661
6688
2374
3876
11888
5371
4955
4441
28773
3240
4426
11978
5666
3259
14393
4585
8210
4027
8465
4528
4653
10745
7265
17018
4754
4980
5022
1649
6117
5435
2526
8454
15892
5010
8353
4352
15808
8638
5318
4200
18598
8840
7172
3203
11076
4877
5486
7936
11424
6222
4321
6642
8942
12004
7133
3140
5381
9660
5036
5659
3447
3527
4946
4673
3572
18791
5185
8200
6041
2768
7307
6662
3068
12762
7360
12692
17898
8011
12391
19019
40953
4537
8161
7471
14146
5156
18940
5154
13079
8317
18900
9388
5328
11453
16567
16747
9489
25464
4815
7295
17369
3882
3658
4492
13384
18274
5727
2759
14289
5818
11919
10394
15165
56473
7685
9207
8895
19538
5278
20219
5000
8310
4693
12778
14236
9872
6669
5064
6802
5467
28964
6644
7034
9554
11821
3651
6631
25734
7394
22549
5452
9794
4987
2980
45913
1760
7854
25642
12593
5099
27331
3700
12906
5879
8843
7743
28036
11332
6490
7341
25602
7032
4121
14191
3815
4705
4204
16971
19189
7871
6029
21548
20174
4594
5196
4052
6982
4347
4411
4427
19881
12422
21226
2030
5958
10256
3520
4137
22377
6560
6348
5802
15551
3082
3796
4722
37816
16792
5537
8436
8596
8343
5521
5412
4997
15034
2260
3659
8175
8216
4876
6839
11015
10034
4513
4918
6284
3728
17251
8083
47621
7344
16626
11192
5686
4839
3881
20403
2164
8701
4546
15102
3365
4626
5601
4335
4135
4260
8358
5084
11177
7317
7118
5619
3961
19642
6014
8109
6235
15435
7188
44997
10830
4338
7962
4544
9277
12436
3911
9187
22110
13251
8628
8129
6250
8656
5718
4240
17937
5333
5856
27688
44432
4345
45363
11202
10347
10643
21828
9541
12826
13027
14522
6194
3698
23005
4464
3215
2866
60613
27799
3252
6896
7485
6855
9262
6489
7660
7352
16694
13959
18534
32227
5100
6443
6048
9282
5735
5116
5435
4181
4759
4700
4909
16194
5840
7112
5314
5599
43532
7748
4625
7576
2305
1601
4816
6306
7921
4336
4705
32548
4722
7083
3475
5455
4269
4970
3782
6070
6684
17996
3620
6544
23166
3836
20620
5847
40940
7718
6148
24067
2608
13066
8158
11868
7431
4302
10178
5190
18329
6635
5604
5582
19855
4289
4810
8248
7899
5489
12366
8694
9570
9916
15418
3860
9033
10451
2396
6768
8313
3519
8737
13053
19392
8424
17762
4615
36281
4130
6333
6891
6098
8861
12056
4550
15968
5688
9658
5336
4293
9659
16987
12381
10568
2035
18303
6570
3766
4973
12314
14429
6015
43854
8323
2408
10832
39137
12026
4188
22680
3649
4211
11557
10663
9232
8169
6032
9350
9702
16215
6473
4555
3549
4252
5297
4637
22633
19267
29814
3352
2062
4345
7184
7820
4620
3948
33745
4753
9640
5145
7080
5244
14382
4384
5107
4625
6820
7995
24503
5321
9036
7401
12898
23267
9310
5544
9930
5058
3521
5539
7032
32039
10143
5246
12276
10512
6168
7326
8906
30196
13503
3746
6404
4144
5733
10190
6519
5721
4055
3055
7159
7527
3141
20132
3354
27774
7121
12974
10079
6269
8082
5169
9371
6583
15811
9063
5737
2486
10373
2877
5095
8861
5047
3833
12781
6812
4048
14123
9581
4303
4729
17437
7541
8402
12166
3658
12979
4156
3270
27829
7401
4993
3820
21506
4448
5405
10109
6304
3504
10614
9424
3069
13613
22976
5421
5486
3723
13632
16131
3271
7011
3062
3867
15753
16071
5527
5490
3003
3791
2450
7691
6702
8476
7301
9026
6326
4384
3660
3124
5904
8652
3054
10102
22605
4354
4163
3239
13125
4284
13087
5851
21866
7693
49562
4291
34066
3538
4186
33427
7765
9671
19680
1956
2565
2301
15933
13737
17789
4026
7758
12368
8002
8059
28338
8207
6111
15409
46325
3724
11984
15930
5804
35602
31584
16569
31124
16913
7404
6875
2075
15604
6307
13547
7370
39375
13854
6734
2920
8123
7476
3872
19120
6754
11411
19834
4202
5795
8886
7440
6914
2596
4529
2511
5942
12916
3371
13503
4747
33277
11736
3371
6763
4369
7898
13347
6659
194567
8983
5889
6557
11324
25046
12017
7847
14753
5187
4922
6325
18698
6618
5155
5910
12685
25994
29890
13497
10872
7866
4695
6577
10112
14312
3641
4063
6402
28629
5313
12664
5713
19236
7080
5743
5842
12995
6053
7440
5898
6639
21354
6201
7098
20877
7509
11604
15636
5405
5557
5774
7928
10098
17770
4883
4031
4503
6289
2890
4347
4279
3324
4381
2753
2536
4405
3737
9590
4496
8328
9318
6138
3043
6359
5307
4980
9236
4059
8810
9523
7315
8583
14742
10620
37321
6553
7780
8876
6435
7496
12616
37715
10559
5111
6855
3533
4538
6282
18612
67744
3245
1662
13291
9881
3875
6776
11568
8094
4511
19856
41598
6071
14571
34819
21728
28531
4231
25565
21778
12048
4067
6681
3199
5806
14118
4507
31606
8876
17082
21226
11427
5216
3301
4626
10175
4729
6313
4925
33831
2613
2455
5398
5437
19993
7757
6503
22186
29234
4163
10986
20436
16842
2907
7071
13381
5497
15295
9985
14325
21404
6688
2574
7141
5231
2833
10598
10511
7518
5928
3579
12419
6352
5227
3188
13827
4661
15129
5575
3395
7555
4771
8191
4849
6387
1975
19866
7565
7367
3377
3530
9226
7362
35075
14425
9534
5650
9216
1536
4573
9439
28517
2477
4238
2211
4198
10338
7601
5884
3951
5553
6641
1668
6832
8897
4960
4217
5293
5400
17848
3639
3570
9000
6199
17700
4918
27414
2405
10856
4591
7533
5888
5454
5206
9014
1675
3509
7755
4657
18100
5738
16793
22787
6914
26201
7760
6136
3343
6052
14177
9325
6807
5635
5713
10390
1116
4558
8317
3377
2566
89383
3857
3553
8925
9123
8228
47440
13821
5340
4984
5077
4171
8916
7451
3670
3033
5444
12164
3447
8864
14195
3526
13516
27679
3520
7395
4466
21368
11221
10821
7730
11794
5593
2845
4922
5286
14839
4657
11963
4213
12040
3987
6433
4162
3264
25953
6664
11712
6774
2118
6102
4339
4740
8971
3946
5949
4453
8074
5268
5906
6742
6461
5590
5320
36816
5632
3688
11310
10544
4351
8372
8428
25595
3015
8674
12606
3283
3819
4034
7530
3566
7910
5769
10218
3511
7174
7074
7096
6709
7429
4073
18585
6736
5698
4850
4707
12294
9256
4753
5299
3487
4182
8252
9369
4343
3426
16902
6678
8361
5571
8008
11071
3829
19699
3850
19849
10512
17254
5420
15850
37996
21493
5212
4765
4095
2268
4674
13171
2391
3285
4018
7174
20060
5516
4442
7430
3880
4714
6832
4018
4385
5555
6024
3432
9664
7198
15228
3647
6345
7752
5688
8643
19457
12289
10992
4776
4861
28448
23928
15823
7753
2353
3108
3427
5438
29894
22765
14969
13359
5175
15514
9143
3946
6117
8482
8486
5957
10347
32693
16118
23750
2723
15098
5071
17665
14943
23693
7880
6955
50333
3946
3899
3273
5910
7880
3546
6104
8447
8053
38879
4369
3879
2099
6034
3677
13542
3510
7540
8826
16280
6131
6586
6299
3354
25597
12170
4978
4233
19048
5437
5506
8221
7070
3617
2810
3018
9552
9890
4373
10529
9750
11790
4232
9008
6769
7046
5547
4772
7763
5451
7235
10498
9014
4798
4368
3804
4475
3299
4887
2843
1986
3887
8831
8793
19025
4963
4363
2386
3962
6880
6721
23576
4238
3828
4843
7811
7165
7679
5246
5549
3368
10385
7033
4026
7088
6277
6836
12875
9704
25644
5476
9527
9767
6069
8736
4458
5800
4292
32274
2772
3850
9545
7404
4217
13591
21858
25057
21781
3031
8577
4169
5337
11751
16720
22110
39778
2794
6302
4054
5186
10943
9266
6165
5986
3144
5048
11613
4843
7141
7199
5871
3704
10783
6612
5566
4076
3153
25852
14712
9888
7318
2837
5678
4904
7092
9807
67142
4356
3684
2910
4610
6410
3999
4123
26932
14231
13058
44049
6898
12101
5897
2945
6327
6543
8835
6581
14580
6225
4641
8916
6106
4718
18016
6116
4586
13855
16594
5763
9929
6165
5791
6948
9699
3671
10706
4365
6414
5012
9214
4319
6362
3550
3454
11449
3766
6614
13524
5565
2687
4229
6279
4461
11825
4135
20504
5045
27499
4406
9338
10910
5827
25764
9570
3508
5112
8321
4498
5582
13184
5660
11357
4976
4022
6414
26483
4248
5503
17002
7654
4265
4060
3723
4035
2166
2565
5403
4709
6012
4058
8946
4983
26132
4318
6831
2907
3654
8587
4590
4449
2500
3202
9737
11026
5508
2685
25099
4305
6050
4394
15421
7501
6933
8440
4276
6553
3809
4226
6959
4839
9467
22303
13332
2897
4441
9607
4740
10983
7204
5511
22660
4928
2240
19517
3221
3791
7636
22367
4358
6469
9090
10299
3589
4269
6575
5007
8908
5625
23154
8233
12581
5858
3234
20567
2871
28996
9701
4026
3066
4725
5279
5987
4364
26918
14077
17816
3198
3237
7273
5080
2102
7781
5433
5285
11710
3506
2401
4584
9124
1676
3296
8319
9069
45244
12132
17366
10776
44424
28796
6639
6281
5312
3184
33803
31210
13832
69857
4235
26774
3162
9194
6509
8551
5864
4146
3662
5580
3738
3102
8843
13011
10931
4456
6736
21598
65014
16717
7090
4922
3445
17605
33437
16341
15703
5235
4886
8518
7357
6398
4177
3716
4509
4045
3188
3193
15266
3735
17517
7402
6334
34166
11733
7352
5880
19539
8445
5311
7037
93875
8149
7569
3640
8799
4787
6541
3860
3264
6613
5182
6077
5414
4990
12146
24732
16699
4306
7319
12496
5683
6620
8445
6743
4865
7016
22123
14799
7786
19180
18053
7049
18396
5964
5333
3038
10189
5059
5633
6772
14001
4662
13271
14471
10262
3711
7449
14655
10368
22722
3216
6027
6097
11022
15611
21352
38273
5623
3340
22312
9515
8220
7876
4930
26456
5601
12062
8697
7398
17571
6564
7851
8683
5724
16459
4890
5830
14151
13612
2946
6613
9104
4494
4280
15716
5609
7747
8397
7857
14718
8017
8004
8489
9339
8118
27661
35974
8705
7263
7353
3664
3208
6082
38319
4195
41078
14018
10290
17496
7591
7746
21335
6362
7835
8131
5758
6390
90728
10339
6519
13839
5582
3615
3302
4390
2484
1556
6902
4602
52735
10250
6169
31602
18847
6185
1655
8537
4318
4212
12732
33907
12773
4817
7395
9699
4962
7209
4401
7109
6219
9580
13058
5529
4335
8136
6211
5943
6955
3388
3475
6765
3116
3243
9403
2687
10493
12652
9445
10761
7171
9207
18496
4588
9496
5526
4670
6722
18089
7661
9837
6971
10736
5533
19003
3693
5343
5476
12668
15053
8533
6157
4750
8553
9326
6368
3239
3436
7065
9262
8159
8897
2295
35639
14518
11405
12314
18733
6189
5126
13068
28320
12305
3846
2580
4805
7389
16519
13017
5043
2868
5222
4212
7060
3168
6830
8230
16617
6566
4487
6995
3681
10690
5715
3469
8021
7640
6976
5006
3111
3461
11951
4988
6696
8097
9545
2867
17772
46168
5974
6153
7445
10903
3198
4324
6385
10405
6842
9387
3517
2742
2751
8918
5709
5015
5478
13602
6659
3824
3873
4050
16477
6776
7272
5092
34099
5846
5458
4915
7991
8931
9497
4571
7791
7935
4804
4788
13910
8540
4602
4742
14709
3019
7486
5199
5280
5146
5539
5267
29038
41636
10938
5467
24406
22509
5962
27786
6700
4405
10030
9718
22561
7490
13369
2888
3178
3953
64767
5223
8659
14013
32258
20067
4175
14388
21671
21905
35839
21100
3842
9466
14289
16451
14116
5377
6377
8064
5133
34073
5552
5395
8065
91716
5431
5660
15240
19251
5676
5197
3750
25532
16868
27937
5101
9020
7358
5951
9126
9997
2524
6157
13871
6998
10540
9666
4038
2986
9564
4589
16214
3699
5798
9345
5214
33317
5525
4568
6679
2907
4250
14012
6688
2820
7756
7624
5361
5552
2117
2394
8462
5538
5811
7317
2838
11154
60849
5518
3364
5769
4760
3053
7418
8637
3245
9642
6848
30106
9513
11556
5926
10788
10104
10714
5677
2158
6065
22054
5838
13565
21756
6355
8201
7702
14072
8224
12436
6513
6789
9521
5459
23050
10005
9608
5833
3688
3691
2328
3057
4389
15699
12051
11097
3935
2561
4517
3717
3494
3668
50193
12730
7402
8519
22207
6891
3613
12887
7525
4332
2641
8005
3640
25577
5443
5753
5827
4961
13775
17901
15036
5496
4101
9881
3486
10829
7138
2498
6144
4779
4896
4800
3625
5287
3037
2693
5034
4446
4367
32219
13019
5353
1990
2444
19184
34532
6061
24520
4369
2128
4281
11814
2421
6292
5453
10197
2087
4854
7167
5919
4404
7940
9946
9974
5885
12474
3508
4964
6876
3519
4864
2526
3174
7246
5962
5285
8318
9148
8613
5677
8917
3209
9594
4958
12845
14691
18578
6197
4278
4423
4337
6072
5716
7488
17779
5968
3254
10256
4386
20721
3989
3802
4076
7207
4181
8064
4899
22556
5779
9860
15089
8936
3616
7351
8126
5502
7109
12071
4071
15266
4717
32959
6067
7432
5045
9752
5700
7625
8373
4535
3097
12839
8751
6479
9890
26268
7304
8529
4002
5737
3730
6355
4558
21014
4245
3705
7246
3504
7780
5495
4768
5104
9134
8094
18481
8221
9737
3795
2870
6001
6022
3756
10396
15754
27614
5984
5950
4776
8354
4712
5406
9625
7619
4719
20185
5616
3290
9215
20811
14545
4666
16748
25654
4488
8207
5621
4606
5953
4949
30095
11096
4742
1821
11034
4327
7637
2645
7238
4759
8026
2804
4228
7979
24354
10487
7244
5331
6568
12044
9248
6267
3791
9957
23941
8330
7810
9344
5305
23436
11705
19739
10983
3785
7204
20270
2759
8940
17335
2537
21575
12723
16532
5563
12199
36125
4500
7132
11051
5882
3854
3338
3557
5018
11759
11767
4598
10616
7328
5587
14603
12596
17504
3485
8578
2963
22151
28717
5255
9359
5983
9200
11702
4164
10723
24624
20859
5318
5545
3232
8315
4126
3328
15736
2457
6215
10000
8921
8017
5492
6321
6551
12225
10146
6949
7176
7063
10323
8064
199150
6358
4339
3343
6229
8507
11297
3248
3116
9550
10763
4360
5376
38213
14202
8185
6629
54619
2189
7241
16313
6775
6780
3588
4907
4806
14171
64057
25215
12722
3543
26854
10599
6833
5270
10315
40236
8288
15292
6831
6588
4856
11272
26503
7586
2234
2422
8600
3114
10811
7972
5365
7301
7943
5352
5934
7704
16781
6827
14189
7197
6924
3723
14797
8505
25432
7664
8108
4868
21028
5392
5256
8771
8081
6778
11672
4576
5275
5303
5635
12887
10611
8549
3610
3511
4527
2470
10065
4529
4583
3228
6999
3963
6234
6924
9513
52319
6394
10604
6192
3362
19678
5844
18451
31400
12011
2711
2867
3123
5106
9136
9185
9907
3499
4249
4977
4912
21001
5744
8405
17771
8953
8609
9096
22075
8101
6561
8110
3617
4863
3825
11331
22200
3014
6850
3344
13285
4022
6945
3882
7014
3380
3668
6361
19346
13656
7848
14341
4145
16791
5894
10864
1330
9572
4682
7234
5704
2863
15016
6873
4610
4182
6753
14207
5820
7098
6535
7300
5915
14474
8392
6498
3994
8276
2852
1514
6332
4255
4776
5934
10558
5163
7359
4067
4343
3074
1814
8994
27118
6354
3453
7514
5405
2954
7930
6075
2856
5522
5122
11941
4858
8873
6234
41678
3404
4252
6006
2493
8290
8173
5035
3087
4605
6422
6398
8032
24089
6245
7214
18424
7227
2785
4087
8205
2271
8065
10971
5607
4151
6115
29838
6383
10441
7140
10836
8794
5908
4351
4006
6820
5050
3816
3920
3131
7038
7116
20651
6747
5740
18433
8711
3257
7015
11649
4937
6281
6707
3297
5959
9160
2627
4378
7213
8909
7064
4140
8327
6929
12003
6484
3292
3992
4055
4999
4797
24865
7851
2671
8131
3108
8099
12280
6244
6558
8869
4820
10358
7393
7661
9902
7111
12780
11608
17756
4559
8354
5612
3099
1974
5810
6114
3795
2763
5845
2469
4730
6370
17351
10632
7139
7572
12487
7202
30951
17111
5961
5365
4247
4365
9658
6519
10360
2357
4664
4606
12759
5673
4101
9771
4649
6998
15562
3103
5732
5076
20372
4567
9788
21701
6682
8216
15375
7682
3304
25839
2574
51086
2477
2601
1050
14907
3234
6859
3381
8179
3071
11326
16233
48669
7722
5177
6311
21930
8135
49694
8512
6455
7902
8844
12282
6371
4590
3528
15434
10283
11815
4513
26255
2798
4597
6225
35297
5396
21004
17554
6748
4629
3365
5797
73110
19623
15016
3613
10522
2009
84224
9368
7615
28217
5753
4745
22342
8920
9977
66539
7005
1697
7261
3066
6866
2794
4931
8309
18596
7035
11738
13420
4121
12507
5760
7885
3343
13809
9291
6621
17120
28888
10821
6008
3565
7708
28075
3591
20923
24673
7965
16521
5882
5220
15362
3342
23951
7218
5214
5589
6903
6110
8445
5803
5958
4295
6026
6089
2619
8165
15262
9163
13965
5328
13739
5775
75970
47311
2004
15914
3243
20145
15496
4885
3253
5962
10522
9853
10556
38495
9432
24470
7410
6137
5414
7620
7165
11456
7433
8084
42279
8689
5576
4279
7162
10235
7025
14073
14483
3470
27229
3147
9584
5632
16353
4403
6664
2139
22184
23151
7484
9479
27908
4301
19631
7743
8204
9034
4218
7051
3137
6864
14431
13577
18325
25102
13025
6138
2980
5723
3330
6924
3155
4525
6321
7019
7551
3045
6308
3860
10692
6576
63929
12584
4146
32935
13507
4843
2511
12352
5428
4914
15501
18281
4244
5628
3928
3186
10544
11077
2884
7900
5464
6622
6481
5619
3973
5514
5500
4705
6488
9749
1895
12052
19327
4936
5686
7610
6700
4034
24366
4841
14816
4108
9471
3340
3559
2517
4887
5227
6041
6773
5283
117596
5884
10862
9711
7592
48138
7964
2104
22104
6536
5558
22885
4557
11871
6581
1866
8429
17855
5958
22224
12221
9451
8344
9154
10697
5936
17583
30607
26458
11134
4255
6836
54373
7000
21918
14623
6123
4811
12600
3863
11625
3173
4311
4727
2544
10786
11987
5535
17752
9400
7662
25477
17079
3884
6098
18525
7085
8285
8277
3608
7671
6056
13254
8034
11901
10879
5574
9764
7535
10508
3851
10658
3950
25110
5367
5413
21030
7176
9650
12574
4483
4061
5193
5207
5876
11748
11269
10074
18499
5427
4450
2698
5061
6379
6048
9209
3720
7540
3565
4584
9198
9524
3915
11185
5480
18282
31362
7051
7982
2372
17202
5289
54879
11704
5420
7773
5353
7929
10274
13721
15669
5825
6665
8003
8535
19185
6010
8381
6206
6195
4056
5664
4850
21695
18771
16656
3280
7250
6065
6651
11624
5698
7709
13534
3496
5249
12287
3665
11433
7674
4900
20190
7550
12962
12416
10072
8969
6795
21342
7862
4238
3839
39083
23056
6739
5796
5741
6711
7470
2945
16136
16092
4832
10125
7568
19376
5790
31774
14456
3973
18640
7780
5308
6860
38789
15331
4882
3346
15734
16106
13883
4792
6763
20245
6754
2169
3744
6724
5253
4956
5213
5941
9851
14262
15091
10477
5710
11367
3565
4478
3817
2583
30764
15684
14029
7674
7168
2478
5989
4292
4246
6865
6250
8754
2450
4538
9586
7361
9225
6990
16115
2658
5592
7321
7438
5353
12315
5658
7305
6111
4796
14408
4643
11032
2359
5154
7322
10353
3020
8691
4338
4136
3055
35488
18524
5710
3002
4442
7379
2845
9173
8647
42978
7405
3496
6156
7212
4083
10128
6128
11458
2958
5537
9394
5467
17091
7720
2911
23693
4686
5610
4935
3014
6078
4327
4025
4456
6928
6131
100257
8574
21986
6933
11984
6315
3438
10158
7100
10819
6680
7669
5037
4209
6447
6519
1727
8528
12930
12780
6034
4481
19929
13206
2960
4444
11260
4918
6030
3342
10290
4698
10434
7880
5936
4125
3506
9351
34370
5835
6683
4753
6540
7526
6306
4652
6811
6121
4450
7901
9702
5968
5885
20566
5638
100965
2804
3233
4700
3994
5405
9494
7984
4441
7638
3595
2100
3105
4327
24740
41009
12309
17138
9058
22166
8096
6881
2364
4089
4561
6625
27275
2886
6776
15322
2874
8290
7873
11365
3482
10668
14634
8799
74538
3997
4596
4612
24774
2969
3917
6799
14259
4346
11792
6304
3415
4940
34691
5377
38202
7523
2982
5184
7128
9354
7240
4040
39846
16690
3432
6811
22301
6233
6418
13952
10441
4137
19447
3932
6720
12591
10915
5616
5024
6965
4691
2854
2698
7006
5849
4432
12895
10892
6562
10688
4804
4926
5711
5276
18799
6533
10498
10076
23944
12184
5100
10276
11160
6856
3722
5448
8606
10246
12886
17789
13657
8838
18474
4868
14354
2816
15609
5966
4192
19363
4551
8233
4323
5390
6212
9958
24125
5976
4035
9144
21138
8786
2828
3164
12509
9316
5607
2961
5488
4960
3531
12942
5338
5839
2691
4550
6527
8283
9705
7365
4426
4414
6922
9603
6352
4197
4266
12581
10053
46973
5526
13734
16933
3472
9961
15626
6139
6476
5989
6144
9782
8155
4137
8323
10009
5320
14461
11940
91223
11604
9952
4489
39233
7022
4110
3959
6278
14297
8614
22701
12174
10161
4830
13817
3376
10966
4035
10007
7784
6496
9025
9852
3349
3643
4788
5832
6632
20735
9932
9870
8157
22105
9528
8230
12186
8176
6615
5876
7083
7382
4820
5196
4772
4039
467920
7299
17007
6088
4178
11965
4079
5645
6973
4423
7468
5932
5042
6919
8084
22910
8087
8547
2004
10459
4379
12285
6275
7945
4795
3954
50376
4236
4174
9138
11020
5533
3442
5857
12496
3502
17693
1481
4055
15645
10531
12871
276805
18985
17894
5965
4070
9701
4538
21956
8882
7627
7566
7622
10612
7149
3207
15124
4502
13940
10398
6962
2362
11068
5070
5306
17504
10666
24875
5488
11993
6752
4285
7136
5191
6223
11673
2537
8208
3094
9666
5430
4017
24939
5308
36518
4246
16016
8619
4979
17715
6502
8980
6900
6330
7219
4780
2270
6229
2002
6268
5376
6858
5678
4735
13671
10560
3648
10191
12355
4681
15315
6084
12149
4639
8180
7758
9999
6717
3976
13887
5218
6954
45722
9492
8809
24190
12855
6223
8997
3817
6077
6530
7848
4421
5603
4284
3690
6447
19691
5187
5429
6020
2966
7321
2828
41406
2757
5261
5324
9181
5350
7143
14469
4373
39409
21209
5998
3494
8921
6142
10420
6207
14866
5688
9824
15007
8189
6803
1985
3731
3154
3169
13443
7633
3302
55180
8274
27432
4621
6447
6072
4091
177162
5806
5443
5760
3742
13441
6534
9683
6515
5577
7472
5875
11697
4246
13863
6657
9102
10934
28515
13460
5195
4738
13263
37241
16102
4494
4568
7390
10344
3726
4748
20378
25109
11331
37016
9679
21378
8466
6900
5605
9864
12838
2834
4534
3306
4943
11732
5559
6539
4449
4940
2916
3884
8270
3931
1947
4058
5947
5956
15775
18745
5162
4948
4320
5892
6169
5191
13087
11271
4919
8624
3190
14023
10473
12015
5438
2140
4916
4755
5264
16850
9385
13058
6106
10678
2844
2951
5758
3961
3901
2260
9049
4459
10282
6391
3370
149020
7217
1964
4420
7423
5350
4373
7799
21849
6070
7924
6341
7222
5478
7611
9025
23074
2015
6585
6553
6217
5141
3301
4561
6363
5489
5189
14132
11881
19125
5543
23707
14841
3861
1994
7272
8144
9062
8895
4882
7203
5601
8339
13165
4395
9371
9817
12387
8632
6982
9571
10867
10397
10175
4934
6898
5060
8956
22535
8512
9607
7530
11003
4944
16612
5013
6216
3712
15673
4128
10036
47983
9686
3112
16556
24601
5046
5810
5758
12248
9522
59384
4007
9288
24977
7534
9353
5789
8006
9797
5534
2468
10989
17099
22478
4502
12268
7268
7153
3538
2943
5151
10405
8035
7659
11843
11542
6561
12722
6616
8463
15121
9474
4312
3224
4317
2653
2835
8711
2684
8825
2925
56009
1703
4899
3250
2436
4905
2692
5226
13779
3370
3433
5255
10033
4276
8005
5691
4636
12296
15264
3984
10504
14572
7675
5897
8712
22366
3933
14134
15304
13607
4388
8179
5068
5243
6037
4712
46491
112825
5516
15506
5828
11328
6100
1845
5160
14775
3289
6879
9823
11969
13918
5173
3929
8672
4586
20100
7174
3575
2834
2882
2261
3998
2187
3753
12322
9292
4075
2803
5595
4201
8508
6153
6784
3851
3994
2571
6628
5752
2910
3616
3720
17365
3441
9822
4786
2155
7016
7396
6483
12086
15126
24186
5294
26231
12764
5826
126910
9075
3100
8122
11404
27798
10987
2413
7726
17414
3761
13170
5355
3120
3150
10149
5592
14918
19222
18294
5231
6168
9103
14352
4240
7844
4463
10557
14835
13938
4373
4446
12534
54181
12626
6225
9183
10332
11248
38909
22237
3627
6900
7055
2664
43642
6740
3734
3180
2905
2558
2758
2662
7739
5108
20136
14375
51058
10501
6164
8307
3331
12557
5459
33430
8451
2355
8372
5538
9020
2572
3834
25605
4004
7387
4228
2599
16380
4585
8147
3585
9168
3355
10764
10163
7758
7630
6015
36776
8462
7738
14901
8259
10649
5423
3853
8519
15393
8814
17129
9885
26932
6331
4964
9688
22595
59468
7034
17059
5918
14209
12427
10332
10629
3742
12480
7027
4335
9052
27368
4241
7880
8938
22980
31986
8324
15214
10872
16155
3522
4312
2910
11943
4696
6919
6276
26325
11041
16769
33076
16921
3316
8461
9751
10123
6867
2375
8611
9818
19378
28126
23927
9762
11835
25723
12578
6995
40551
9242
5203
6497
5881
10356
13319
12443
6149
4828
5385
10228
19295
3609
4626
3985
5814
8283
11750
8823
4487
3162
3613
5858
2961
9443
7877
5460
8999
9022
5097
5689
3600
15028
3785
7340
3848
5443
10215
6198
7844
3935
18946
6394
2973
2501
17224
11919
7447
6917
2934
4441
5119
3409
5168
5254
4438
40856
2281
3018
8263
3135
5527
6141
16554
12146
5637
6426
3894
7305
2936
10622
13030
13717
11286
25301
19853
6122
7422
6441
8467
5408
5926
7664
3826
5147
13583
13849
11821
7800
6091
2642
2828
5914
2602
9688
4936
3594
3072
4614
15840
10607
16914
8226
4644
12676
10449
4982
4077
6477
24523
4297
24435
14731
10786
2723
6285
6168
12987
5788
6171
6478
3393
7568
14444
4048
2790
8391
7149
18412
7578
39157
13589
24368
10145
21379
11563
16415
14737
26219
5352
12760
11965
10664
6941
6155
45808
4834
7384
17336
4595
10109
13030
10159
26674
10550
3961
16866
7417
11904
4889
13168
8181
11426
3421
6230
12632
25531
5836
12090
8302
7292
8229
6057
9159
6164
12106
5043
7684
4994
8048
8743
13662
4349
15272
4557
12041
10713
10622
1931
11460
8288
2071
10548
5425
8169
3725
3532
13830
3348
11955
9808
10077
10630
4887
4488
9145
9756
6162
5801
6820
5420
6491
7531
6371
4284
5505
8246
12804
4213
5292
6764
6241
7775
12426
42282
4971
12573
28002
3558
3288
9619
10104
9466
6458
17907
4848
5594
36125
4755
5199
9633
7670
48006
5239
3248
10855
2397
3376
9980
10904
3979
20696
6494
12287
10998
7899
7141
2908
17861
6480
5127
63821
4699
4559
8931
6030
5990
10180
17565
6210
3576
5043
20461
6127
12220
7325
6052
8213
4974
6880
4077
7549
6424
5925
5620
19262
5509
3952
4718
4855
4088
4719
3487
9004
10569
10791
5932
8767
6788
4859
6035
4419
3463
3400
5788
11322
13307
4800
27317
10014
3231
4863
10099
18634
67025
4123
4241
10386
11932
10821
5391
3850
6952
3981
5533
2812
4997
8071
3958
2667
5348
11808
3124
11595
3026
5423
4184
3243
9279
6381
15274
4592
4301
2103
5241
5819
18813
4064
3538
5689
6173
7686
17434
1953
10414
5234
1707
4402
12923
5168
17231
9671
2602
5369
12458
6681
5690
6313
4270
64769
14263
7976
3827
11352
19028
4381
4749
6114
6774
8002
5943
10891
5934
23055
3261
20309
3289
6813
5281
5994
3636
4278
5211
2134
3207
2020
34826
4089
15296
14843
14200
7417
5005
5365
7629
11570
7751
7445
4519
9173
4828
7556
19480
6258
8501
14726
14449
6820
12455
8037
6265
13761
7058
8002
7708
5008
4384
18515
3188
5838
9425
3130
6640
5282
7460
11341
7222
24775
12137
5723
12210
3621
4478
3399
4799
48150
21795
3623
5658
4007
5398
9936
5676
6596
6286
33617
3764
15385
12727
10052
4072
15912
10788
9672
14304
10126
6976
8330
6201
12247
8312
5327
1997
3462
10169
4866
2433
6546
7845
7498
4697
7911
33818
5836
5711
35943
9550
9512
5000
5196
5415
26675
7392
19670
8646
12394
5420
8901
5177
10887
12050
7440
15807
4406
6332
4221
3903
4790
9929
3046
7618
10190
4965
10298
9244
41342
6430
6351
4545
2630
6131
6676
8931
5797
16124
3871
2787
3113
6318
5651
8383
4864
5099
3188
2939
5407
3675
5632
5882
7053
48957
3192
5087
7009
6600
41370
6850
12654
7926
44527
19014
21130
7775
7256
3917
6872
8520
7195
5344
8569
4785
10780
4532
2221
2976
42883
8640
7126
8842
9801
4805
7702
4479
14832
16778
8622
4858
10133
9498
20515
2929
3484
7071
16717
5486
4873
6489
23481
11170
12342
6459
12168
3499
46297
10622
18349
3990
3703
17193
10834
22914
20905
253319
5604
15573
3546
6284
11703
17416
11350
6427
5300
16852
5854
3798
15728
3197
10763
10371
4164
10259
6952
19465
6983
12986
10431
6676
9286
12654
11209
16107
4363
3016
6777
11219
39265
10450
2738
14518
23131
5612
3429
6480
4247
7146
10377
9232
6374
5827
3645
3411
19244
17966
6555
5675
6903
34068
3843
7606
6262
8481
40190
4095
5839
2803
9605
12487
5860
10170
5878
6489
12373
7894
7000
6707
6113
6023
23860
7718
12726
19342
9766
6784
11366
14648
5148
10081
6227
16904
7133
4902
9332
1701
10865
3012
7060
12653
12722
5916
23950
5176
2824
14074
8089
10622
14038
14293
21464
11573
2029
4119
10037
2963
5067
11619
5670
3782
8778
21120
4932
6571
5302
4697
8732
7380
7697
1772
17961
5103
2697
4561
5856
12448
6012
5393
5159
13409
10224
3183
7266
4392
9183
8533
12326
4875
3521
2597
11699
5470
6099
4570
3921
3570
2739
4211
3865
8529
3866
5332
5028
5823
13173
3820
9419
17404
11282
6145
4579
12948
9438
8847
2688
7562
9060
2631
4238
3081
3692
9126
5701
3252
4537
7322
28974
6616
13581
4145
3918
6244
32952
16206
6886
10640
23905
4726
12011
2899
3766
10102
5659
9445
5150
6757
12769
11477
33022
6579
12114
12525
7775
1550
4622
3039
5097
24707
3483
5380
7105
3438
21748
19752
11606
14853
8516
4216
8398
7668
7246
21601
23971
7317
7465
7576
2358
8896
9279
9646
4313
17682
8206
3063
8549
4102
6538
1989
10425
7858
2383
11180
17073
4888
4277
11035
27219
5145
8106
8848
7549
4376
8457
15575
3773
6204
8528
9385
1732
7234
15512
10695
6911
21335
2607
13209
11039
3491
10546
17160
5798
14636
5097
7993
115613
6530
7404
9653
4178
8042
10016
22390
10033
4707
5842
6737
33200
13780
5552
11367
7264
5395
5275
6201
14478
6858
2133
11563
27192
4906
9474
4454
7092
23248
28867
11691
4844
12396
3466
4972
5235
4276
5103
5108
6099
5435
2498
5697
7095
4966
4149
5531
8433
8643
8806
24188
11795
6716
6489
17274
11936
7826
3806
6855
4838
8974
9328
2361
6567
5245
5223
15841
5029
32500
18943
12569
33110
4361
5897
4760
20857
4751
29764
15303
4907
3808
9217
10386
38887
9346
10388
58269
12228
12277
7931
4564
3995
4239
3111
1278
11536
12957
5364
16088
28803
30717
12498
8588
10661
11735
1345
47313
11130
6592
3322
7031
3440
3722
6096
6136
3247
2674
22460
3835
9191
3175
4884
9299
14322
3197
6088
14255
3398
2464
2818
5341
3090
4814
4247
5230
26890
8974
22462
8098
8347
5587
6633
10996
53414
70696
8141
16605
24021
13617
3776
11953
6337
59910
7035
9732
8882
5861
7287
11396
7557
14842
27871
8849
15412
4291
5594
6866
7624
4269
11298
11420
7456
64621
4949
34700
4403
3697
4227
2569
5963
6175
20369
16038
11519
4878
7796
2861
11446
23515
10910
5381
39841
31327
5595
54233
16072
12467
8062
4959
6843
27022
5458
8189
10306
5266
4862
3833
18307
4678
11420
9687
14783
2073
3235
5116
6226
4517
7576
5895
17047
3435
5105
4152
19138
10163
15735
19473
21702
9154
16748
4245
2512
2614
23836
13893
13172
8213
6552
5967
3001
7616
3230
32583
2993
10201
6552
2595
6455
5842
10693
8846
3313
4701
5712
4243
22648
8975
6919
3936
4774
3250
6120
9249
3452
13999
6016
7977
12728
6581
4865
5954
8244
10760
8800
13154
20184
9452
8912
5568
7893
33717
66807
10335
6219
9955
4086
11074
22668
21121
4598
6350
3600
8150
26631
5086
6119
18578
4034
3001
8916
14981
7122
13125
5955
22627
4631
5484
14642
33373
5116
11497
29519
3317
7927
4128
4460
3138
3065
4058
8683
6278
17937
8005
10731
29470
6964
3322
31889
6403
10701
9665
18516
10491
6588
17119
8018
35441
6556
17190
39505
5861
2523
6348
6226
3902
27938
10737
8617
13056
12541
38180
4389
30681
7712
6153
20583
8749
5756
12544
9600
6506
8041
7225
24572
3156
8720
5757
16613
47497
7611
9165
7883
12561
5737
22639
10550
5053
6773
7733
19431
45517
8884
25237
5643
19200
11140
45512
11239
5456
4180
5299
40806
6151
15302
5608
5640
6857
6977
3655
5072
9399
5336
7519
5105
2566
15849
9871
7525
11052
7024
11930
10370
10958
4509
18327
24454
7635
5853
31346
4288
24022
3453
8930
4140
6258
36046
8190
63472
7569
11593
19960
19549
3081
6426
6316
5110
7032
2418
2809
9652
5081
3800
12876
5825
8521
3279
5872
7295
4616
5647
4565
74693
3572
3988
18447
7366
4619
4137
3792
12156
7993
8602
9901
3713
2994
4297
5094
7026
3784
4979
4925
12481
3149
43573
2407
13985
18670
15810
15683
21882
5423
16314
11365
1852
34771
21495
5730
3468
12805
3060
5238
4246
11694
3284
4023
4614
7245
7728
8828
6525
20665
10766
32306
10576
23551
4699
8246
17204
7135
11993
14490
5971
3632
4133
11540
8760
22934
6513
15564
4613
5414
3492
9273
4498
10740
41106
7257
2969
3350
5612
6187
10140
8053
17316
3235
6804
6076
4048
3902
8546
21016
3127
12590
4748
8503
6820
9341
6544
3049
7573
18131
12735
9685
14909
4619
55019
9172
3561
14086
6121
15501
13857
24390
4295
1893
8202
4505
6517
3356
22862
6169
13635
9585
6464
5434
6451
3944
4681
4082
22199
5021
6015
2403
16671
4733
7879
21107
9569
5273
4067
6529
8737
20310
15495
9849
7342
6670
9129
14711
9077
6559
5315
7341
5041
4471
4753
6175
3360
9503
6003
6433
7049
8889
4600
3592
6458
9016
17314
33683
6916
5461
5292
37530
5279
4768
20458
12965
8330
17453
16899
3850
4984
1947
9703
18114
8652
37569
1547
3356
3477
13805
10040
16024
9714
9410
10698
5456
3889
10481
7887
5788
5732
18850
2987
6527
4055
2682
4631
12910
7097
4548
2666
4912
4866
13860
4152
20373
4505
10189
6103
4172
9234
4989
4032
5039
6460
3070
3376
18091
6016
18171
6905
13557
4429
6171
5250
14479
8505
7936
5546
4749
4512
13314
12248
6796
2736
3739
22896
15027
6503
6023
8494
5970
8337
5118
14506
4389
15088
10941
5177
5841
11089
4830
7572
3558
1561
13732
6993
8935
7598
7767
5633
5791
10611
4635
13397
12883
5374
2903
15784
1207
8559
8378
2588
8894
6585
2930
3573
7151
6998
7750
20181
10333
11466
6288
4399
8473
8719
4891
6852
3935
27975
4049
4660
5380
8180
3184
12795
36501
11991
26605
5194
4440
2991
23615
9887
10409
14472
13157
3473
7245
12936
9418
16012
16511
11228
20058
4618
4567
12408
11402
66083
14080
9189
7098
6213
11816
7124
31833
13561
17452
18176
21038
9689
2914
5488
4352
14262
6830
29735
2273
11113
6924
1853
5653
25921
10102
3998
4258
14806
2256
7608
56986
7496
6050
6839
3850
8837
7200
9630
2296
6580
23280
11335
13278
5019
5587
3740
11949
5780
2883
12034
6278
3449
1634
31002
7551
19597
19495
6085
3673
11497
11880
3144
7678
12591
9034
11022
12636
13000
12291
5675
3784
3011
7765
18181
37370
2873
3664
6392
11520
6444
5490
15433
4415
3829
4504
9316
7323
20746
11503
4667
9101
12036
9568
15552
13568
5122
19100
4982
1787
5581
6463
8600
17725
20883
13380
4154
8092
20485
6631
2625
12153
15124
14478
10594
3300
5410
4579
6926
2264
4689
5116
32806
3640
5241
10845
6091
10066
23414
9659
44157
3128
3675
3869
15348
6901
17937
11056
8567
5655
9418
7139
6550
5754
3922
2721
4430
2753
7500
3295
6701
4279
11306
5289
3286
9318
2804
14478
3866
8364
12393
7898
8271
2460
3950
3805
3510
12841
5308
3773
5823
3723
7140
7168
30458
9616
7938
26097
4179
6088
4177
3893
7493
6865
3120
17964
4167
14045
11630
4845
34396
4586
13446
3956
4924
19313
26510
31052
5896
7501
13450
7033
14838
5430
7296
5932
39818
18396
12526
5987
3979
4497
3845
5328
5378
6915
13913
6156
7586
4365
5130
9634
20219
7146
26657
3216
7107
6362
6957
4649
7228
8842
3733
3076
6298
4174
4887
19282
8191
7278
4361
4069
7082
15683
5375
3359
8247
5845
7295
4081
3972
16219
21448
5283
2507
5895
24875
7493
16042
8897
4747
3491
5507
4440
6667
5289
3666
5561
3510
9541
5599
13408
4608
10528
4932
4319
2665
2292
6957
3705
8142
4336
22005
6338
8043
20892
10388
5154
4219
10723
6393
3184
8822
3454
3951
5559
38900
37833
5989
12713
17443
26638
22990
6689
9490
5288
14578
5488
34736
8728
5034
14255
17274
9962
9316
7134
4765
7334
6766
7035
5599
5969
61505
3046
4800
5401
6304
7841
10111
7282
5183
8419
54546
4714
9941
4762
9335
3816
4458
4556
2677
9003
5236
65620
40603
10488
9557
12251
19412
4326
7652
6318
2571
7149
5239
8992
2782
8144
16234
13483
11694
5473
15828
44845
8466
7839
3742
6966
11394
3818
5709
10084
10662
13977
13855
7846
28018
13499
9623
66192
18606
7609
7659
9850
9605
17717
10842
4062
5414
7821
4188
14306
5240
4530
13839
49547
3436
10764
8626
7352
4539
19245
3798
6479
5645
7981
4763
22033
6298
10642
41333
30712
8692
6618
5662
8176
3198
19106
8396
14690
40694
17348
3594
7115
4636
5130
6729
3414
5805
4599
3677
2853
5488
4730
13776
8343
12685
4883
2797
5141
5212
3971
4965
5072
8109
5008
13006
5186
11093
12494
3604
6636
7425
3235
5184
3406
30789
16431
8101
6852
5052
4007
4994
4727
4498
4311
3487
16203
18993
6923
6672
6402
88246
10249
6830
3562
89468
2586
13789
9225
6556
3949
2294
2765
5269
6016
26880
2396
1419
3499
14620
3721
3048
6401
2741
4168
8905
9514
181328
1890
6627
2240
5963
4202
5734
6527
16061
5331
5615
7658
5619
3620
75500
2642
5039
4132
4919
9744
4730
6160
4827
32785
3169
8155
19175
4413
3721
2883
2478
13186
5736
3477
12757
16052
4239
2708
5613
10529
13850
5644
4578
12046
17188
4066
7578
7319
1982
99233
6515
8578
3845
2868
5842
5577
5287
15233
4547
17981
5107
7721
14473
3720
12475
5152
5588
8315
6144
15434
3731
7545
4863
6566
4947
3355
5217
7374
5494
7183
2434
5483
5847
2600
4321
3391
15028
36132
6184
5761
9932
7996
5183
6108
4635
12618
7571
7307
5443
3393
6942
13193
4747
10926
14830
4819
2198
11780
14732
7309
5045
65799
4087
5826
2173
29842
3096
6647
2974
11215
49230
7886
6377
20990
30473
4794
35717
10529
8900
6749
11955
5887
19289
7850
4878
7463
15096
5263
8248
11346
10489
2858
6125
8156
10728
9545
6855
18157
8282
4289
39985
9089
4606
7399
6177
47146
5168
3696
46491
15578
39057
5055
7888
6976
5803
4507
10489
4050
2391
23050
21175
6544
8341
6693
4810
5893
5509
6292
10697
8503
4350
12078
14570
41716
8268
8265
5031
27882
15430
41043
9287
18114
5239
13800
9680
12801
4487
8313
6206
26617
5564
3725
14736
4069
9308
3821
5929
9983
3544
10093
2325
7553
23459
2793
2507
7353
9414
4992
5907
3091
3759
9899
3822
4757
9068
26278
8577
40028
22074
8389
7220
11195
9244
29789
8325
15321
27362
11817
4669
4834
7647
4816
5386
3991
6584
18589
9897
8989
36865
7153
5143
5606
10994
6635
7997
7194
13293
3262
9815
6698
4107
4810
7774
4088
5427
4320
3166
7500
5533
2756
4910
29740
7502
4230
13201
23197
11766
4283
10123
7452
2020
3912
15758
3876
5315
20861
21745
8110
19334
5657
2806
6362
14114
8463
8680
23390
6797
33729
8949
13378
12461
2460
3547
11471
14826
30985
2888
7887
6418
8862
3453
6596
2437
6101
5255
46026
3775
3115
105755
12602
7272
12000
5336
7282
5456
8899
7101
31973
28289
4392
3265
10296
7869
7192
4538
3083
7881
8349
3528
12841
5212
8878
8737
4531
7065
3136
4025
15322
6898
10450
17434
14998
5758
5521
11619
9017
8559
14647
152638
11823
5331
6226
7129
7980
3708
2949
3096
5554
3323
11635
7069
4260
7551
5187
6119
8105
42054
6301
4375
18360
266603
9276
27705
9588
10386
4775
8952
19251
8126
4947
5430
7269
4766
9940
5505
5833
12932
6506
26112
6849
16296
14958
18350
4643
9703
3856
4511
4569
7032
1892
8079
9122
5664
6113
16078
17380
8217
4743
11365
5287
6879
8531
2770
6660
5655
6636
4561
5434
4738
12021
3817
5351
4772
17636
7200
4202
9416
1783
3182
17555
10263
10727
10848
124815
12379
9661
4058
4033
6935
3568
5191
13911
4620
35923
13678
6398
3482
4998
6162
2565
2103
29082
6700
4154
8782
7988
29609
12189
4995
4056
6075
8329
2797
5019
5664
5831
21624
17825
6130
6070
6857
4653
10114
15486
29981
3895
35064
9229
4733
10835
6806
6036
8401
6570
9762
4966
21685
82461
2074
13592
8686
10428
10345
7900
7103
8933
30004
10290
3238
10709
5161
3690
18202
11865
9180
7718
1366
9820
46488
7060
6080
5027
3976
2633
5869
4282
5809
8398
7477
15153
4838
12631
4607
14607
9841
1598
4251
6293
10958
5840
10238
17311
5404
2546
7460
4892
8452
3783
2769
13151
5346
5897
17002
2446
4901
11282
7098
5765
27210
4523
10698
4774
3148
5203
8353
3882
4610
10700
3248
10398
13450
4691
8102
6073
4490
10194
5384
19168
6524
3783
5588
6202
16667
41482
5835
11531
3892
2776
12910
5426
28354
1457
10818
5620
6282
32759
12703
8346
5670
3288
4014
5993
7086
2667
5638
9311
5832
1322
6939
5012
3951
7162
8609
11527
4455
4315
5249
4199
23817
5303
7530
3771
10767
6990
9844
18663
17530
5738
8657
2948
11845
7104
22075
7189
2137
3489
5054
19352
3276
5556
3641
28132
15091
5639
5286
4842
2957
2212
6672
11994
3157
2340
12875
7800
10161
14444
3708
14673
6329
21043
4489
6545
45215
20143
4092
4866
7772
2939
16242
24319
10295
3805
5608
14331
5109
10944
136655
21127
6333
14643
5303
6994
6142
11140
62446
14132
6558
18379
12625
14850
10994
14033
11820
1746
5056
3209
10264
26423
9995
11367
8784
25715
5344
6482
6328
4907
7036
12639
11677
36019
3883
3197
14785
3883
2195
3277
6647
2850
7789
3068
10691
12591
3778
15190
25769
5362
4205
3998
6186
3741
16285
9019
4321
14021
57648
15723
6495
5951
4363
4804
6284
8861
16790
5326
9173
21557
14915
7987
13143
6653
5972
4427
3791
11612
10391
6968
16989
5875
3659
6028
4210
12544
6999
9169
10833
9120
5399
12127
4991
8179
4297
15869
7034
4796
8618
4100
5026
13450
9501
5809
10304
4809
10273
4415
13779
10222
8055
20431
5162
4617
6719
19279
28241
67376
19815
5116
7240
2268
7431
3914
5432
5311
6376
10070
5427
4407
14175
7923
6921
9827
4515
7894
8267
8380
8217
9678
5532
3630
2737
9163
6706
4561
3427
35483
5054
7874
11396
13821
3754
11776
11715
40880
19077
6855
23989
15240
7468
4378
5197
4704
6422
3450
11308
5884
15438
6426
28102
9950
10325
4728
9285
16630
11709
4427
12710
7947
6265
32260
4705
7160
3976
11780
10135
4848
72777
16957
10700
7630
10824
14667
7680
7193
15237
3026
3566
1840
5448
10381
8810
7939
20098
7069
6140
13251
12726
2483
12938
4880
24527
6948
13865
26422
5942
14524
3687
4717
7613
23006
5528
29511
8229
6151
9579
49044
10396
19143
6021
36201
11128
3650
6861
7415
1189
2710
3826
5343
7959
4340
15073
7055
10828
10763
5963
12684
6261
12104
18252
17154
16060
29977
4679
5430
1866
9964
79299
5272
5122
3036
5305
5507
3695
10168
4254
19454
18176
4755
14791
16613
5637
9010
8245
6967
14501
5017
16315
3705
5804
6581
12867
5408
5057
5890
23607
88686
5859
5874
31694
5880
10649
6262
10835
5906
2605
4658
4249
4949
2457
4557
13079
16054
2425
17473
16166
6097
9903
6916
3782
18062
1506
6075
7043
16593
27423
11254
7571
11892
4296
8010
4691
2996
9900
10710
15061
5373
11859
13353
1788
2172
11528
24369
3783
130918
18560
2897
53528
5945
36495
8707
16803
12048
5078
5815
1815
8459
22879
12871
2861
4626
3089
9828
16695
2442
43698
5417
6807
7625
4364
10796
1933
4656
10660
19120
5463
6096
6420
10563
5553
21255
17476
4933
13870
4946
6160
3841
3146
1731
5294
17047
14223
7659
18542
6851
49110
13453
9168
98450
11282
19329
9907
2797
3904
4152
3512
5873
3608
5122
4750
5385
5074
2783
4298
9148
4063
11472
3896
3453
3331
4868
6894
5053
11069
6508
7867
3738
7379
4886
2226
4348
4549
4107
59269
5120
5794
7065
4543
4849
4658
3241
4796
2350
6201
4818
1515
22442
13058
4055
5817
15757
19972
7282
5198
3439
6945
31407
3188
6438
18210
9340
11253
5585
34275
11456
20841
14801
10271
29329
3196
1795
5394
5935
3574
5696
8279
8139
26433
3910
4305
4535
3910
5195
3302
6238
8663
3803
5304
10533
12782
18784
5043
2664
5367
4426
5050
4614
3405
17991
5949
11903
3957
5592
3591
4473
88362
5065
9352
8232
16160
8576
9930
4844
3314
17232
11873
5092
8507
7476
5934
6022
4401
38365
8430
8981
9351
5982
5608
8684
11108
863
5820
4246
12224
2548
3847
48413
5809
10091
3893
14921
6615
18702
81775
20442
2732
6831
4739
5950
3636
7393
7507
14528
18313
16828
4921
13794
8072
13719
16038
19026
1703
4395
4193
25632
56333
9113
7833
14798
2563
4425
6086
5098
10248
5826
33106
3933
5890
8070
10023
9893
7788
6278
12111
9390
8106
20585
6837
3842
3471
31656
8947
40888
30851
7443
6856
3767
4981
6178
15149
3103
2478
39612
6450
4412
6012
12328
3018
4503
8428
3540
6406
5824
7623
10278
7761
26203
6329
3896
3329
7216
2077
15803
3442
2890
2023
2814
6202
2257
5090
2756
3458
9879
2139
3271
4117
7637
6992
3172
6315
6552
10322
10562
3414
4135
4939
5924
4402
28090
16337
6386
6146
14149
36211
24289
5841
13282
8740
5253
10625
2293
6813
9803
2081
6252
40554
4163
6872
5273
12899
9588
7106
6500
9653
5034
8566
6668
5421
3421
7833
2479
9217
18409
26671
29859
5525
2625
8411
18785
4540
1997
5863
3037
8490
13634
6084
29052
6212
7311
3781
2563
26233
5587
45965
76666
4187
3707
2767
9866
14373
83475
8833
5889
48084
10642
22605
7727
6949
10693
26086
34095
12350
10040
11941
13431
3890
13107
46917
7633
5637
5859
4131
5898
9825
31868
12767
7281
12681
16445
11381
24124
5903
3548
5973
7113
3368
38495
8371
13349
6294
8662
6276
3769
7653
2740
15219
53218
18772
6969
2927
18066
10994
5430
6378
6083
10633
21025
7512
23267
5884
13777
12723
11836
47045
9357
8063
1593
11608
10285
5422
5882
15062
5590
66277
14953
16511
4110
7831
18474
9383
9499
5707
8570
7692
8439
5362
1289
22452
6936
28083
10522
23292
3709
9524
5252
7211
13088
5720
6807
14118
9012
5286
6670
15479
5906
7402
15216
3023
14807
20238
4656
3511
12656
9701
13175
5194
30349
5302
10530
8692
10262
15437
12954
5832
23831
6553
18749
47756
15961
8495
41610
14669
8449
20357
13504
5740
4609
4054
6855
10413
13655
8940
7965
5728
11723
7642
3829
6027
6010
19376
6833
15483
4272
8390
14033
4364
4291
27891
3276
17034
4989
5426
5667
10341
2917
14117
2907
10464
20314
5533
46841
10564
8623
12016
5621
14875
15821
3822
7334
6544
2029
10241
4700
3274
4520
3095
3845
3700
3565
5884
4832
12059
11761
2587
9468
5968
2321
5591
10414
4141
3038
4430
7024
4960
6746
2335
27465
9761
4597
14234
10092
13471
10301
2891
16050
7307
7841
23872
5264
6019
3257
6945
10045
15367
2612
4541
3628
25817
3560
6851
5981
6283
1906
8841
12669
7750
4658
14469
6830
7710
3272
6237
4085
4295
38577
7303
3056
13385
4652
7074
6376
10267
23243
6814
5552
15874
10737
2155
6947
12955
3137
6812
2251
4334
4411
3344
7241
7030
11654
4742
11974
6945
11968
45794
8344
18237
14808
18024
5979
17995
8350
5574
6538
12544
9881
13457
28571
16740
10153
4428
17888
8529
2435
4884
1728
3031
14304
6236
4339
9120
5221
6157
9732
7672
4285
10798
9111
8348
12250
9329
18101
5839
4260
2843
6985
2953
12567
2953
4472
11240
6400
22578
11758
7938
4860
7327
2986
17054
23773
4012
3319
3888
6834
3936
30036
7090
18381
3291
6150
10054
11081
16576
5235
2079
5531
5896
6472
11054
4682
5908
2556
2457
5570
8238
34697
11016
20389
4115
4907
15407
12140
6347
13960
13834
4657
3612
5438
21793
20512
21926
6632
14656
9871
54567
5720
4539
3717
4332
7213
17054
10273
10170
7613
22022
17215
15995
4736
5267
13653
5471
5202
7516
26131
11271
12789
14347
7097
1942
4161
3127
3083
1694
3101
13228
13569
43005
3848
12716
90222
14387
5200
5997
2301
5316
11246
8489
6546
10059
8035
4083
11608
13385
28335
5278
6889
3135
6602
5681
9549
13994
38539
80731
16254
2479
15656
7758
8172
4818
5425
8207
3459
8101
6272
4108
1737
10762
18025
4017
10950
7127
4298
6074
7999
2072
11790
5234
9174
6369
10568
2303
12947
6036
106075
5219
5484
7256
5224
10885
75747
11441
4303
6864
9748
33415
5605
23300
4340
6199
21077
29579
9794
14133
5193
3004
8176
10490
5378
4326
3899
5771
15537
5219
3056
6690
24703
19041
7155
7401
3465
8518
6214
3458
8622
6674
2699
8925
3102
4998
5645
1530
3869
3755
5305
6575
4826
5361
4811
6081
6298
19109
18241
15435
34167
5245
4942
10647
17721
6459
4127
6630
5440
4120
5436
15018
6275
4932
14550
22289
6627
70026
11922
16038
10656
3847
13268
7506
3754
7578
6084
3930
5204
7602
6277
5853
3679
8372
20331
3879
27222
8127
2752
15134
7590
6178
6153
17283
4504
19601
11212
10261
18473
8541
67656
18436
5154
7474
4472
14685
2868
3957
4461
3601
3883
5619
23391
4345
11958
9493
4145
4624
5543
10608
9052
3561
4300
9458
5559
3211
9309
5178
6162
6131
2522
2303
7548
5865
3452
2573
7308
18259
6026
15786
8444
4684
7659
25877
4044
4211
6414
11644
12337
12428
26870
9944
6506
6716
8725
7352
4792
23168
7279
5186
31053
5795
3994
4031
7627
5343
4950
5653
8414
48188
5724
6096
7541
9600
3574
8098
5937
2966
27764
4140
3867
3596
3077
14241
2988
12898
13063
3622
2608
4440
5344
19481
11407
25417
7606
8614
6048
2215
5323
9329
11097
8910
4044
9895
8499
7868
4701
5052
4415
9897
8893
56274
4052
6831
3397
5396
5604
8145
51560
8557
6868
6637
4145
4064
10078
13359
2891
5418
8887
5977
10816
9461
3269
19303
16894
11806
5583
15628
9507
3588
9071
10806
3326
4849
8454
4333
2844
3614
3223
32898
7508
7194
5012
5914
7827
10487
17552
5703
34205
5296
28560
31064
5618
22443
19176
18515
13628
16572
9851
36000
8574
10774
4926
17165
15816
7391
8333
7055
12640
18677
14022
5198
8105
8898
5921
6427
13903
8476
16029
8786
23817
4658
4562
23176
4736
7440
8777
6905
4569
20511
9904
5232
4982
50581
6296
32153
9931
4160
7323
7603
5673
27196
6607
3768
12155
4539
3851
21697
37058
48161
6251
6106
73855
3018
4748
7520
8757
5735
8895
7601
7547
4928
2434
8878
9623
8480
5027
6128
2811
9997
7717
4270
3832
8105
15234
6739
13097
11228
11897
9289
36194
6134
4970
5612
6505
4274
3321
16244
6321
7116
7063
9126
6210
3149
3535
3180
4519
3428
15670
8625
11413
5296
2246
5409
35048
8509
38536
14691
20170
68815
8509
4373
13334
7977
1874
7563
2534
14658
4181
15957
21926
5824
9987
4416
7586
9320
5110
10603
6987
17614
26414
8366
6015
11209
8690
18776
3990
19261
5719
7678
14041
4866
20134
6144
12396
4189
33250
8735
5968
3705
13537
8203
3417
21984
13173
19516
3641
18725
4211
5907
3571
6238
16950
6925
63332
13103
6130
13622
11905
34579
15323
3407
46527
19955
19999
22116
18082
13973
5188
7901
6107
12649
6034
6493
7458
12476
2270
21629
3025
4144
46089
3316
1712
3805
8092
2542
60336
4917
8241
18990
4054
3836
4477
26698
9868
5264
12822
20563
10002
9755
13514
4598
1890
11576
10686
5802
9663
4917
4814
20166
3233
10178
6720
3021
10339
48418
16941
6683
13558
20864
5179
11514
2096
5727
6767
7453
19344
4747
5915
13898
7301
5894
3716
4732
9669
6924
3706
3168
4332
25346
4850
5349
13061
14835
2844
3296
5579
5287
5770
15524
6756
44862
6369
8189
3480
6681
4856
2296
6317
31788
7565
5460
3109
35131
9647
3474
6775
5771
3866
16573
4870
15989
26224
4742
21808
13503
19126
4067
26203
4977
7330
2741
4238
9805
4119
5962
5146
4333
20749
6189
8693
8426
5809
6594
7861
1937
7415
6448
4339
4404
3749
14488
9060
5478
4942
6111
4214
5390
4618
5506
2856
6233
3292
9622
4583
12734
16492
3970
3559
7851
4702
4362
6150
15515
22240
5255
12344
34048
5446
11199
10103
5364
6168
6354
13783
3617
60974
7708
15556
27145
11842
7780
6011
5027
3313
3035
7757
4994
5883
14834
6508
7813
4720
4308
9476
9665
5889
10154
17449
23613
23007
3358
25950
5517
10349
4010
6982
5895
5161
19398
6089
12485
23615
6510
9453
4318
12825
2788
7242
7757
4845
4304
5901
4031
10446
10952
35208
4548
3972
3316
13925
15104
8361
6964
4062
3935
5655
7782
9702
2345
4779
259880
8934
4192
7927
16554
9519
5156
2699
4680
5728
15224
17140
17470
5907
21380
20831
28292
6225
8545
16400
9835
4024
6633
5957
16501
6777
8257
6387
2637
3173
19013
11916
5039
20691
4969
15605
5486
4720
10906
8436
5360
3019
14910
6071
8549
15807
6843
24683
4404
6192
4747
5460
3629
14343
5398
6912
4642
46677
6035
6499
6282
4403
3215
58431
10069
3332
4032
10743
1768
7825
6907
4125
8159
4716
38096
19598
4506
4870
5113
2261
13091
3002
7905
4105
16581
2531
7585
26972
3590
13375
7640
7968
5847
6675
5180
5031
7601
18068
3658
3602
7678
5079
5109
6397
11833
22080
16503
7273
13473
5800
1969
7890
5580
18081
6473
2258
4725
6127
40015
20005
5070
4190
18733
5393
2774
5404
3614
7806
5574
9525
7869
43292
7659
3001
7936
7283
4951
9032
3378
9327
5442
2264
8986
4139
3167
13459
8008
4184
15178
9576
40467
2594
10073
6920
22444
16111
9891
9424
1602
5731
5375
3649
9073
4142
11703
5761
11798
15809
21558
16350
2164
5268
9320
4436
5120
7067
7478
3806
7668
6130
9726
19228
7099
8284
7270
6567
2690
10744
2760
4407
10888
10721
8332
2624
67066
7985
13008
2993
14599
5189
6664
7112
6854
19194
7417
6018
15904
3943
7184
8988
10424
4656
9736
7484
3967
10988
7019
5199
4236
12357
4975
5683
69065
40432
34180
7377
4920
6543
13500
11625
4257
11181
4217
5268
9052
22559
5397
4410
10136
249996
10790
51668
6195
8306
4226
353639
51860
20762
5074
11929
5627
21590
4598
3353
2131
5425
4560
9718
18981
7374
10372
4859
6355
2879
3772
6938
4471
4783
5259
15916
3317
4461
4497
14872
13638
6297
8210
3791
6964
12107
1851
4744
4622
2904
3306
6669
5256
5456
18054
23663
3898
2137
9797
5373
6949
13632
5856
6855
4587
6215
12474
5644
18426
6667
3302
6687
4981
6058
3272
6334
6437
14533
17669
14156
4041
6625
11823
6006
3012
27486
8734
4082
2678
10867
3273
6646
11519
5055
15398
2220
3900
3493
8988
4588
6597
3722
4124
4989
22083
11220
4225
5981
10994
6108
6933
7644
6903
15837
6500
21177
10244
4919
11015
18707
14793
5813
4442
5423
7488
75116
4365
24111
11762
6704
3300
3075
11460
34036
29346
8465
13661
25469
9944
21995
56752
25860
3039
5244
6029
6896
3307
3492
5856
4986
13082
3239
4189
6414
2649
4388
12852
5111
9340
16597
5445
8120
2315
7266
16461
15631
4375
7014
3749
6871
7488
4535
5119
5139
28356
6856
6922
4890
4129
8781
5127
3005
7082
18649
10832
13458
26539
7354
10134
10034
9116
6444
3535
17419
7504
3524
4460
7492
22607
6949
18963
15309
4977
9938
9914
14837
4556
12664
8399
3779
10406
10025
27489
6629
6316
8450
3425
19562
6628
3838
4472
3999
2399
3603
6341
11287
7287
11231
7584
15363
19572
30567
8604
6221
9235
9198
3088
3014
3458
6327
6383
6410
2139
5943
11423
5570
2417
6782
6755
6696
4666
4442
4776
3045
3880
2295
4237
3213
8464
22321
3494
270753
3908
5062
8568
4397
4325
7875
7090
2455
11707
4848
9054
9346
5758
12967
5764
17284
11043
14683
5884
5965
3213
5021
22706
9615
9223
3623
4103
6617
8255
29944
20600
8509
8961
11690
12211
6852
10272
9830
8945
6277
29835
2042
5275
9772
7201
10928
6062
7032
4253
8111
4528
7507
5411
4724
23297
4564
9427
9671
7422
6825
20875
12556
2529
6183
6080
9948
3543
12320
3656
5742
6873
41030
9012
14392
46361
7457
4626
22237
3671
5515
5201
3628
6963
7441
6164
11290
6170
4780
5478
18793
10489
33971
6389
4664
3763
4056
25598
6784
17736
7708
5010
10967
3369
5888
3596
5729
5276
12429
11079
5193
8273
9365
6202
42007
8667
5655
5630
4213
7671
6909
23225
19603
37723
8982
6788
9969
36779
27834
16694
4711
7564
13346
9797
16220
8011
24308
18722
11509
10397
15572
6177
10230
7168
7716
3469
8269
5328
7490
5508
12080
7881
6528
9817
11028
9059
10275
7046
8200
11687
14686
9434
5782
12370
9109
7437
3045
6593
4233
8464
11543
12866
9497
10328
3447
4675
1966
7194
30649
4204
19693
9070
36063
5996
11349
6459
35492
24552
11181
2353
19211
3815
3716
10811
23822
2837
8197
2304
17370
8776
7877
7122
7131
15690
14635
6796
14391
3569
19662
8324
59144
14724
6549
8645
32905
9608
6026
7224
4991
4514
4521
18203
8784
47054
3731
2248
16092
30543
12934
6446
2509
6608
5575
5907
2644
9419
4801
3068
5413
7855
5517
7777
11950
8100
4283
1576
5916
41498
18496
19155
10029
5510
2217
8703
3369
12687
58149
4874
12186
32779
9803
11269
4254
9656
27184
8372
7362
17543
4071
18513
11138
1382
10665
10820
3608
6322
9002
14527
8962
8578
27727
14637
3702
3787
5428
19058
13480
22398
3372
3011
20347
5893
2874
4002
11988
6430
3758
2326
17680
7110
7707
5802
10350
18143
9295
8043
6618
8121
6063
20069
3551
5518
9507
10861
41534
6588
6644
5009
7196
17932
7163
9110
4641
14105
8113
5072
13838
5270
3080
5992
5992
6871
3043
5196
9059
46511
6056
33501
10005
17098
12318
3192
8056
6888
5913
6480
6600
33031
18415
7709
19128
7251
8502
13796
14437
21898
31797
1708
4127
9830
7807
8680
10506
8326
21914
22307
10519
31442
46477
4201
44488
7117
5735
7929
11092
17642
28824
10274
31522
7002
119988
19291
7490
6334
4183
6190
9124
8304
1157
6278
6531
4975
5098
7312
6384
4950
3885
9253
1800
18599
13155
6731
21146
3009
20284
5582
8357
10794
6425
6195
3070
16830
23347
10958
12403
14800
3932
3714
19166
4949
5334
3238
4165
21534
20443
4967
14833
5410
5806
12743
4356
92420
11902
8877
19779
7704
6875
1459
4010
11117
10683
4006
7263
4059
9578
7220
1240
6291
6643
4057
21500
2573
23643
19558
9971
19077
9229
2922
8607
14895
2375
16466
14281
9076
4740
9116
4646
18420
5747
5291
8626
11611
3764
3280
18281
38467
6622
7941
5676
12958
4887
8922
5099
10053
44378
2556
3956
14774
55726
21222
8784
6095
9699
5293
6821
5606
1623
3959
8297
8382
4538
11255
6250
5843
8303
10839
6096
7522
9719
11284
6966
7924
7545
5955
9018
14009
8469
9025
2150
6444
6984
6292
21699
20876
7005
5922
10995
4797
3033
10543
6615
6677
8120
4126
28689
6365
3250
5425
8234
10291
3844
5186
8228
10398
9095
11324
3027
23568
7632
9124
7080
20625
18015
17581
14815
4558
6604
14572
2880
10398
7713
8306
3076
15334
4454
9014
4082
4061
10430
7533
14872
18300
13324
9080
13833
38338
6104
10753
9504
23709
6500
11724
14729
27719
14174
5239
1770
27335
28863
4605
4839
8159
20560
9744
14398
8706
8569
11316
4400
10680
18555
35636
7347
11099
7239
6773
4476
36426
12714
5530
4957
4774
14243
15180
17004
5231
3053
6011
3648
10936
22680
20454
18884
32065
7320
10818
4970
7186
10870
14504
14015
11171
12872
9572
5859
3680
7211
4148
7769
12445
4215
2900
14962
8259
4957
8441
14911
10708
4967
9015
10511
5876
17412
7314
9261
6610
6771
7555
2067
10905
69359
4127
13270
17294
4667
16764
6498
10473
14146
4067
4879
11095
11018
10055
26327
14150
5634
20615
5590
8780
12791
6449
7992
7933
7933
5622
3372
6244
12693
10172
12686
5645
4451
4569
4234
20486
85198
6107
7054
4948
3913
9593
3655
3426
6933
14879
1658
11397
6942
7963
11992
6451
4162
3910
8300
7490
22323
2917
23755
6727
3016
5450
4612
16329
23257
2442
2806
6156
18434
10685
14136
4478
7889
9479
21647
7487
11529
3188
11126
9591
11045
10108
9289
19820
4697
14372
9002
7853
4062
14127
10566
14450
7668
9400
7183
9293
4037
9232
7159
8960
5921
11396
7994
11159
4039
4043
17825
5066
4004
5472
4956
6397
13521
7517
2300
5408
10318
3109
14549
10338
23761
6283
8832
6496
6502
7495
5078
11909
46393
5370
10147
36150
33851
6887
6797
6133
1602
3069
5345
15187
2691
4713
4160
9049
11314
9501
10162
9943
3807
3805
6271
12823
8280
3226
6927
10056
6728
9559
4403
4811
5394
4781
6429
15524
5002
3900
6423
9073
3290
17921
9391
5351
5001
6703
23612
10838
7801
3178
8145
11540
4628
5252
7249
9664
28678
10284
8040
26800
15722
5072
3795
36676
6616
7203
3484
3550
9267
14961
3727
3835
6210
16799
8553
6333
7184
19730
11399
13649
2366
19233
11674
9940
5208
4453
2558
5005
4152
7236
4678
8164
18963
4128
6528
3629
20222
6097
6146
4469
6110
7034
5697
14165
7258
3233
8466
29412
14743
19961
14598
27789
3659
11705
6675
5274
12889
12111
8894
17787
19233
7839
26776
36590
7617
23563
13707
5880
1803
5514
7595
8246
5251
8239
2057
5644
4833
10162
11555
15917
3797
4788
8157
8514
6392
3474
6718
7069
16338
6627
8383
9793
10295
17080
24964
10399
32886
9651
14655
15788
5441
6119
16604
7771
3789
4244
11785
26182
23200
8995
5139
5175
3886
10898
8211
3004
7544
7219
10466
3629
22229
5927
42015
7352
8948
12669
17610
24281
5551
6592
12688
17519
19097
22999
12710
4974
3745
5962
6798
8384
3977
8059
13058
4451
4326
6007
3323
10326
4597
5000
6654
4617
2247
4971
14771
10881
11244
7459
8342
8946
24026
6915
26081
13584
12171
3357
9650
2053
3782
9767
4707
8835
6312
4870
4047
7447
5828
8848
7906
8721
2640
81131
10052
4574
4053
7957
13635
4896
4618
1230
81843
4789
14954
12365
11068
4281
113956
7730
9829
7505
4826
9922
7666
7388
11601
4175
3207
9906
8427
7036
8720
5680
1396
5433
5815
1894
11479
6507
3512
5638
12307
3025
3754
7678
3892
25440
2004
5152
16802
6622
4899
5153
5181
6296
6572
6220
5433
9292
9553
3710
2597
5252
7621
15902
28176
10666
9907
7622
6040
17794
7946
3424
6700
4344
6701
2116
4912
13561
16064
25838
15403
14891
22002
3140
38295
5526
18304
5743
4996
6829
9254
4656
9116
19517
6976
5334
5152
4384
3953
4872
5194
14803
7751
2382
4653
16057
2176
10230
16785
4649
11637
7584
13681
18470
13690
6031
2371
13123
3596
3064
3869
6422
9085
1703
2765
3978
11950
14493
6153
6464
11731
4637
5444
45517
20667
4476
10488
7812
14770
33422
6098
20506
10636
21523
12535
4853
12620
4301
19001
7981
10235
6663
7611
6624
4182
13550
1722
3809
13995
15605
33895
17535
3486
4239
3204
2845
8595
8438
3337
10691
10743
6250
15726
12710
12504
53962
16214
25643
7942
12475
14090
4274
5940
11405
12956
7226
3411
3749
6729
4856
18519
5671
21273
6670
9782
3632
22093
13521
3130
17840
11829
17948
5811
6341
4850
14342
7231
5703
24532
28540
43756
22296
14876
8048
15705
3701
26364
11069
5592
6794
3574
29563
6032
12096
25101
11277
7475
3552
22245
32411
6336
2708
11408
6044
4061
5285
9049
17327
3973
11776
5395
8936
9020
2422
5702
9761
7029
5464
5368
6477
2680
4046
25382
9740
14046
13009
6861
12788
8682
11682
3375
8275
6405
16350
40232
18413
10964
3845
5780
15540
9912
4824
4427
6222
5024
4104
10870
5383
3062
2712
4997
5514
10776
15880
20524
5569
32711
48117
7739
4224
3415
2162
9232
11110
5530
10836
11176
12060
3539
3311
6224
9451
6937
7461
10244
3861
5017
6428
4008
3869
4631
3247
5348
3970
4939
3110
2985
4228
4575
6987
12357
4023
2223
4090
8472
5189
9365
7872
4981
8939
4259
3666
22363
11586
19549
3433
4371
6576
18115
9426
9772
3509
4069
5822
12728
17848
7382
5414
6972
14047
6410
2608
9269
9491
4295
4141
40254
8591
13098
6883
6293
3115
14041
3976
10370
7874
5580
15225
6038
4606
9543
8537
3504
34607
3940
4821
18923
9764
26319
6776
5587
4310
12782
24086
12376
6737
4457
4572
6596
3979
4644
4572
21457
2780
10806
6516
23791
34692
34289
13347
5005
16494
4503
3407
7656
11062
4773
6741
3112
20306
5904
54654
5323
16420
4711
5622
8829
5854
4752
6577
8769
4257
8243
4424
7637
4139
7685
5002
7132
4861
6191
6003
5015
4052
6090
4662
8054
19468
4036
8209
6922
4433
6109
3028
9774
5393
2782
9334
16707
4364
13185
7884
10240
30521
19297
10673
7069
12754
43146
6691
3131
6871
3366
3317
4116
6418
40667
6280
18308
9712
5983
31554
3916
10524
8751
7148
14502
3469
5069
4692
2973
26141
3132
5253
12226
22313
4629
3833
4123
4436
6945
4457
4861
8789
52780
6856
3979
22109
2932
50962
5229
13173
55714
6829
4700
6247
7008
7297
3614
12155
4015
3623
2456
3458
7271
1462
5735
7213
3408
3696
5564
3332
5124
5354
1108
3633
16915
12154
9341
10008
5061
7624
7796
8497
9510
25895
2767
11372
7317
6115
8605
7056
8724
2780
8519
3270
13306
7014
15151
11479
3656
5997
6739
7863
6642
5852
8229
8989
7402
6960
4803
49210
10283
4411
9742
6900
5135
6113
9067
7835
10390
3593
14380
8308
2941
5384
10010
2363
5373
16570
6513
7770
16410
12606
8816
7794
5247
5248
9727
8380
11833
31639
4707
3882
3367
3756
3457
7611
3737
8260
4599
8098
5616
11290
10040
21221
6518
20413
8055
8110
3755
6278
18756
12632
10680
8622
3053
4643
5429
4989
9506
19490
36546
9813
5126
21501
13563
2307
3485
5433
4990
4108
3878
23501
7026
8260
6108
8147
4456
6527
15425
4328
39281
21344
3719
5917
5498
23045
2189
6101
3465
7989
4998
966
5959
4094
43634
10005
5543
3301
2151
5051
18101
4786
11632
4397
3300
8419
4864
2383
10649
10252
1270
5482
5537
2730
19789
6496
8027
11842
3512
11756
9622
5302
9550
4564
11167
3939
14492
4692
2656
14510
4909
11226
7513
16102
2299
7950
10211
11372
5859
10608
17428
7174
7674
3521
8700
5795
4468
5236
7081
5245
10646
5232
6675
4970
24167
7025
4576
16142
9904
16873
5023
12261
5584
19164
4232
5139
11011
6510
27178
12502
6337
6580
8251
12432
4871
19733
6715
15899
12686
8098
36298
15043
2995
7966
14328
4639
5003
10465
6992
7970
8380
7434
3917
11956
4830
3366
2430
8249
7956
3242
22893
4570
14772
3150
2359
4752
4392
8145
3979
5280
17181
7276
4536
4555
2386
3627
2304
4688
6065
8826
5068
4853
2130
3753
4975
8182
5477
10910
30149
5513
16594
6491
6253
3763
112053
8568
2238
21687
5690
19018
3538
11535
3511
10858
37464
14683
6561
8434
5541
3264
14964
5094
10802
7572
5338
22077
19490
10536
15523
4907
16798
6157
5977
1615
6280
3379
5029
10404
6758
6063
11085
3982
7297
6476
7497
6570
6611
6500
4559
2943
4759
9977
5244
3140
7300
8009
18107
7927
3874
8716
4240
2935
10542
22101
12196
12602
21105
7546
3604
4055
6950
3881
5907
3187
16042
1873
13329
14153
14356
10013
6540
8588
13851
12265
98117
4722
2740
7693
6670
4312
3794
5082
5709
8432
12248
19279
2418
4337
7221
5296
4731
3873
6680
7135
13610
2410
29993
3386
15532
3773
3331
9549
5921
9131
19162
10531
54295
7761
12781
26933
3867
13111
2283
7202
3092
20833
4504
5761
8197
4409
12059
7747
4433
7901
5538
4926
9064
4657
4803
9489
16254
3327
1961
4516
5315
9474
2440
5100
6337
21944
6862
6273
7327
5782
6714
31262
9535
11200
4436
2307
5683
5378
3827
4521
6371
7237
2058
3074
4797
13102
57600
13087
7843
11429
5695
3023
8950
4552
4238
5690
6158
17043
8351
7719
5343
15061
5732
6283
6861
10279
4721
7908
5871
4711
5493
24152
25798
3074
6105
5117
6218
4173
21906
3863
23326
5249
5768
2250
11641
5168
16974
10521
3765
7080
3630
4822
14420
7195
27361
8385
27114
27355
12705
3024
9080
4533
3669
2299
15378
6180
5077
4275
6527
19377
1716
51378
2836
13072
10552
17357
3486
7722
5230
4238
2503
8380
10560
4631
5672
14089
13872
4028
3909
10011
7583
7615
8297
6507
3293
4123
2139
6089
5163
7372
9575
5352
4912
10619
16546
10449
22267
22509
12598
13447
6021
6466
8514
3841
6257
6357
3745
6901
7481
9402
3301
5499
3008
4254
38884
5897
20512
22747
17113
5996
4276
6207
10465
5261
16313
14624
6464
10120
4248
4020
4744
6479
10294
14682
7308
4524
9572
3521
39604
6029
7085
4418
5793
7430
101115
4545
4110
6034
8997
3659
3979
1483
4343
11219
8953
25491
4522
9763
4495
8145
4899
3817
6035
8942
21185
5779
21104
11290
13953
14614
14388
7543
9451
2524
6517
3810
6005
8026
4661
6046
5670
4039
6307
6643
3377
10164
18541
12464
9955
8666
5418
64087
10556
5613
5882
7514
2803
10292
9708
6196
40034
12627
4527
5374
14762
11730
2671
7873
3975
2907
6021
7223
4431
4520
8340
16971
5946
7546
2983
4255
10277
11825
2461
16760
15868
20722
60484
14526
6797
8109
2512
8080
5171
7335
21099
5165
10310
4556
4756
3779
5655
6836
6659
2389
5169
4186
7179
11673
2186
10061
2796
8423
3950
18595
4200
50403
5732
6058
6119
7375
13752
3078
5264
3496
2065
3184
4251
5280
7536
42938
2633
13338
6811
3974
2819
13165
7084
5098
5198
3672
5099
21346
7644
4997
5908
1844
32921
6605
5372
5979
5743
5261
5859
4923
3906
8790
7310
6961
5676
12402
4669
11118
5957
6618
6644
5117
5040
2957
6362
5403
3261
5104
5275
5768
6079
2945
4519
12055
5167
25355
8543
4552
4360
4556
2495
7148
2498
5510
10396
7568
14441
5084
13737
10478
4601
8709
8620
13868
10639
7320
5393
4365
15851
4100
18935
5107
10443
7684
5597
10295
8455
6650
6465
4540
7330
6288
848
7261
43062
4858
4095
6593
7578
16067
4740
3791
3894
3166
5486
10226
6045
3598
24700
8608
3718
2813
3477
17209
8116
3867
4211
5847
4162
6195
8254
4934
5806
4769
15581
3065
3610
4977
4615
13528
6992
11193
6087
6632
9395
12546
5639
8877
40698
6797
11752
4256
21262
6435
4971
5356
5919
16043
3619
10330
15048
4914
4183
4938
7043
6246
9857
11800
8938
4177
6207
14985
23149
11546
4881
2611
20795
14178
4414
5595
5157
28917
17041
8730
33610
3904
972
6719
29520
4569
4675
5277
8388
2027
6250
9004
5995
9908
8713
28278
9140
12359
3237
9447
4756
9671
20963
21133
14929
5672
5585
4707
5382
13136
3470
5869
2871
5793
24489
5810
1419
5502
1654
3196
10457
16820
13058
2045
4689
6977
9726
17562
8382
22564
1711
22187
18301
19474
3940
5732
11650
7177
3969
19761
5535
7125
13474
11989
16818
12529
3444
10855
6849
5395
10849
61281
7473
9132
10641
11168
8351
9233
1905
12329
4999
4501
8728
9262
29829
6055
4931
6479
15311
7037
6881
4721
18176
5318
3911
5017
14480
5890
5027
5488
11801
7611
7056
24509
8639
4295
3092
89293
3805
7454
12629
5796
6332
2233
5111
9432
3055
7600
3702
7748
8080
10467
12550
25480
8384
4053
16920
6697
6780
24302
4034
8089
7876
9225
9992
4825
6350
22426
24101
7052
13002
7679
5321
2812
11470
6342
20019
11700
43023
8136
5821
23944
7431
5838
5522
5232
3661
54507
7490
6371
11421
4470
4325
15181
5413
5086
7078
9163
81315
25881
9887
20793
8018
10779
17316
24132
4281
30387
5102
12648
5048
4249
15046
9651
16039
8333
6625
8998
6528
13255
8594
8911
8580
4034
4627
7580
17414
17549
9181
9131
13159
8956
20459
70539
7327
23846
9186
14933
9487
3502
13512
9820
5279
21519
12782
5229
12344
3214
5450
19848
5368
8292
33539
18016
4888
3386
5513
3811
8365
6571
6467
5949
6544
23394
1783
14818
5883
20430
13978
6199
10088
5273
4357
8488
6032
9243
11624
4223
5183
10345
5832
12208
8473
54934
9396
23429
5589
12909
12032
18639
4268
5242
7247
14870
12737
6291
12458
9785
2456
89592
8521
16314
2794
10740
22552
12046
29411
3577
3968
3623
15836
5360
33126
16644
34271
8247
3545
5515
54105
21303
7956
1644
11001
5476
6033
9574
13092
9493
14110
6156
4505
11051
6949
43536
12420
11612
7545
5308
5484
4589
5406
4076
6817
3550
17117
5662
6805
15066
5314
26579
7458
11671
15647
4129
15205
7727
4468
5404
3646
11290
37286
7535
11090
11036
5835
2972
5229
4236
8034
3913
7902
6201
42812
5472
22029
10627
13562
3478
9925
66459
4085
4503
29768
8254
4147
8912
7284
39706
13178
17002
5343
14152
6062
6321
5470
4599
4583
2882
7641
40363
48827
9312
16156
2522
9715
3084
4107
4230
10288
5978
40194
13541
11672
3194
26298
8654
11205
3912
18195
11403
10548
10823
7870
12018
10730
7768
8159
6501
2997
2596
11395
12290
2406
4244
5046
10735
3892
15982
4835
4469
4150
17757
14595
2793
3487
5498
3402
13529
9624
15567
18199
5311
4321
5642
10175
7851
2872
2470
2813
4667
9932
10697
5470
9968
3418
6224
2127
5652
9345
6557
13624
7603
8972
7765
11022
8068
4508
2998
5145
7061
1805
16327
10479
37587
3732
3620
3968
5628
4676
12707
5641
42300
5960
3189
7032
6496
23557
2466
3057
5576
7190
11218
7561
12839
4625
5696
2298
17419
5056
3274
5299
3702
25216
8274
8496
11033
102258
5546
13013
2023
5524
6879
15782
9088
20066
6861
5093
22595
13002
5478
6040
6243
61633
5154
6365
8703
14678
5358
5344
3306
5771
3408
5675
2211
5647
5419
8543
22746
13679
4460
12907
7028
11192
8083
1511
6039
31299
6899
5228
21763
9236
23156
7305
5210
14199
3003
4734
11839
8393
7769
135416
6791
3928
3927
4550
4160
4821
3428
7155
11007
5457
11439
3846
7263
9793
20126
15386
8248
9615
36311
5796
9766
11554
5344
13221
4132
6347
3326
3431
18046
7520
25618
4920
4137
4282
9177
17402
9508
6685
6359
6358
4655
3814
9355
10262
5757
5081
28660
117831
32836
13367
7381
22588
14140
14786
4023
6832
5266
5323
6548
5252
5685
4901
2977
14186
4241
6076
6199
2018
6366
21258
11086
2928
12383
15306
9980
7411
3093
3390
4716
4057
6137
7234
34305
10104
19525
19613
3771
4771
5572
2692
17978
2915
2451
3117
18009
2178
9685
7515
4599
11553
67499
10478
8770
10189
8616
5339
6905
6757
10884
4530
5610
35045
5609
12165
6369
1983
6270
6037
8898
5413
3631
7907
4224
7753
6721
10896
9992
12527
8045
4261
5114
4789
8822
2868
7491
29047
5884
7830
8726
28302
9542
1837
61091
8797
5367
9533
4237
9419
6723
3996
8003
13518
6973
29457
5202
24139
5702
8492
2236
26406
3016
8439
5805
6553
3653
7186
10015
13264
4565
2317
3782
5520
7814
6051
3062
2412
4027
5191
5090
5713
5037
8013
3330
21282
8907
5814
10914
16868
4605
3293
20282
17283
3468
3593
64310
7430
4483
5654
11250
10798
144819
10357
4749
4851
3603
17241
5302
6614
17211
64588
8407
4166
3293
3088
91265
6146
12732
6237
5676
25300
6558
7101
9726
13618
3731
3367
3975
11721
5170
6501
14439
7904
5754
35315
5250
7016
2640
7105
6360
4644
21946
6285
9397
5612
13293
8949
5352
4287
19634
8469
24939
11381
7614
17334
25984
5941
9577
19582
9836
13113
8023
5454
5986
5154
6821
5961
4278
2868
5424
2412
7957
4925
3040
3722
3114
11518
4238
3598
10278
6048
4010
7501
6256
5295
4320
3885
10209
1724
8401
7560
6741
3685
4857
3473
5444
9550
6306
7492
5674
9292
3379
5490
12890
5669
7965
3870
4048
5115
5133
3517
3154
16060
4055
17702
5166
3396
3914
6989
7830
4805
15399
26113
4859
3064
5074
4221
5409
9264
8714
6492
25189
5474
6005
7015
4959
3221
5991
5742
3199
5931
24509
5064
4392
7979
9149
15806
5037
14661
3349
8377
5490
9715
7851
3934
19687
10022
8011
2307
5039
4600
18877
3050
6803
6164
185019
11962
5225
6496
3467
2832
2632
5513
4403
3360
5121
3852
7980
3452
5736
6171
6924
3963
11578
4956
13027
7498
7341
4634
10282
6467
9491
3412
6385
5786
4929
34985
7243
7183
8920
14686
4493
5564
16534
12543
60767
4762
5566
4012
5161
6912
9547
6539
10986
4857
4677
4025
2555
6010
2946
4843
6942
4713
6507
6828
2798
5095
22167
5308
4520
17262
7083
6022
16631
93177
4617
3748
8293
3164
7339
7196
12075
5769
19916
6719
16436
16470
42409
12499
6913
14055
6970
7730
3763
2339
3198
2721
15701
14076
9694
4359
11127
3125
18665
9046
8504
7552
7284
8568
4874
12551
7690
8579
14228
9758
4172
8084
9256
4638
3292
8333
6580
6911
41264
10407
4103
9101
4996
9120
2691
21426
7457
5292
4409
12890
10971
15079
11230
5107
4060
2943
6834
19544
10451
9433
3501
13193
23400
5682
6908
9501
8884
5066
3181
6276
6272
3800
13596
15778
15845
4274
22730
23890
15392
7115
7367
5035
11879
8829
3007
6795
6541
14227
10744
9267
7147
41286
6590
14494
8349
11246
15578
9514
9303
5638
7357
16800
15512
9166
5483
6414
4943
4340
8419
9745
27822
4991
7944
6769
7171
4028
5978
5501
4286
4683
4872
13459
12172
11737
11859
4908
15524
25082
4485
4507
4986
2490
12159
6059
4057
5848
4105
4241
12624
19179
30240
18934
6380
7663
4772
48881
7303
8149
6755
17233
7347
19788
4479
6434
3794
6803
6236
8010
6249
8928
20656
12656
14348
8860
17534
14798
4268
4451
6382
7232
